<svg width="16" height="16" viewBox="0 0 16 16" fill="none" xmlns="http://www.w3.org/2000/svg">
<g clip-path="url(#clip0_191_14733)">
<path fill-rule="evenodd" clip-rule="evenodd" d="M3.95862 8.55657C4.04328 8.53057 4.14862 8.56991 4.20728 8.65191C4.22595 8.67724 4.23128 8.71324 4.23795 8.74524C4.23995 8.75457 4.22462 8.76724 4.21128 8.77857C4.12862 8.71324 4.05128 8.64924 3.97528 8.58457C3.96795 8.57791 3.96462 8.56657 3.95862 8.55657ZM5.59728 6.27457C5.72728 6.25324 5.85728 6.23457 5.98928 6.24124C6.02282 6.24239 6.05603 6.24823 6.08795 6.25857C6.22262 6.30591 6.35595 6.35657 6.48862 6.40791C6.50728 6.41457 6.52195 6.43191 6.53862 6.44457L6.52995 6.46257C6.47188 6.44366 6.4141 6.42388 6.35662 6.40324C6.27995 6.37791 6.21462 6.35191 6.14662 6.33791C5.97995 6.30457 5.97995 6.30724 5.95195 6.32857L6.33462 6.42457C6.51795 6.51724 6.70128 6.60857 6.88328 6.70257C6.91128 6.71724 6.94328 6.74057 6.95462 6.76791C6.97195 6.80791 6.99662 6.81857 7.03262 6.81591C7.07662 6.81191 7.12062 6.80457 7.17462 6.79791L7.14795 6.85524C7.18195 6.90857 7.24262 6.86857 7.29195 6.89791C7.24262 6.98457 7.12728 6.95791 7.06928 7.03057L7.10995 7.07991L7.02995 7.13791C7.02995 7.20857 7.00462 7.24991 6.82595 7.29991L6.84329 7.35657L6.71262 7.38457L6.75928 7.46724H6.59262L6.58795 7.55857C6.53395 7.55191 6.48062 7.54657 6.42528 7.54057L6.38995 7.62257C6.37195 7.61724 6.35528 7.61524 6.34128 7.60724C6.29662 7.58191 6.25595 7.56991 6.21129 7.61124C6.19862 7.62257 6.16928 7.62057 6.14928 7.61657C6.13195 7.61257 6.11595 7.59724 6.10262 7.58857C6.02928 7.65191 6.02928 7.65191 5.96395 7.59057C5.92595 7.62124 5.88395 7.63991 5.83995 7.59791C5.79795 7.61591 5.75795 7.58457 5.72128 7.58857C5.67462 7.59324 5.65662 7.56524 5.63262 7.54191L5.54595 7.56391C5.53728 7.40657 5.41662 7.43724 5.31928 7.42857C5.32262 7.38057 5.35262 7.36724 5.38262 7.36591C5.41853 7.36473 5.45438 7.36969 5.48862 7.38057C5.59795 7.41391 5.70195 7.46057 5.81928 7.47257C5.95462 7.48657 6.08928 7.49191 6.21995 7.46257C6.39662 7.42324 6.56662 7.36324 6.69128 7.21924C6.72395 7.18191 6.74662 7.13457 6.76928 7.08924C6.78195 7.06391 6.78262 7.03324 6.75595 7.01191C6.67922 6.95055 6.59327 6.90173 6.50128 6.86724C6.51728 6.94724 6.48062 6.98857 6.42462 7.01457C6.42462 7.02391 6.42195 7.03124 6.42462 7.03457C6.47795 7.11124 6.48062 7.14124 6.41995 7.21257C6.37678 7.26463 6.32805 7.31179 6.27462 7.35324C6.21206 7.40196 6.13355 7.42556 6.05449 7.41939C5.97543 7.41322 5.90153 7.37774 5.84728 7.31991C5.81526 7.28837 5.78562 7.2545 5.75862 7.21857C5.70662 7.14724 5.70795 7.14657 5.73662 7.06124C5.62662 7.00791 5.65129 6.91057 5.66729 6.81857C5.67262 6.78524 5.68595 6.75457 5.69995 6.70991C5.67328 6.71924 5.65528 6.72124 5.64195 6.73124C5.55155 6.79012 5.47875 6.87236 5.43128 6.96924C5.42662 6.97991 5.42462 6.99191 5.41795 7.00057C5.40995 7.01057 5.39528 7.02591 5.38795 7.02391C5.37462 7.01991 5.36328 7.00591 5.35462 6.99391C5.34928 6.98591 5.34995 6.97257 5.34662 6.95591H5.26262L5.29795 6.84124C5.28931 6.83033 5.28064 6.81944 5.27195 6.80857L5.34528 6.61924C5.30528 6.63657 5.28462 6.64857 5.26262 6.65324C5.24262 6.65791 5.21995 6.65324 5.19928 6.65324C5.19928 6.63257 5.19262 6.60657 5.20195 6.59191C5.30128 6.44524 5.40528 6.30657 5.59728 6.27457Z" fill="#bcbcbc"/>
<path fill-rule="evenodd" clip-rule="evenodd" d="M5.37328 7.19191C5.37128 7.16657 5.37061 7.14191 5.39795 7.15057C5.40861 7.15457 5.42061 7.18257 5.41661 7.19524C5.40995 7.22191 5.39061 7.21657 5.37328 7.19191Z" fill="#bcbcbc"/>
<path fill-rule="evenodd" clip-rule="evenodd" d="M7.98734 0.00611893C8.13801 -0.00188107 8.28934 -0.00121441 8.44001 0.00611893C8.60468 0.0127856 8.77001 0.0221189 8.93334 0.0474523C9.20068 0.0901189 9.46534 0.152119 9.72668 0.229452C10.0353 0.321452 10.34 0.428786 10.6307 0.570119C11.4353 0.965295 12.1154 1.57476 12.596 2.33145C12.7907 2.64412 12.9533 2.97345 13.0887 3.31745C13.2347 3.68812 13.386 4.05745 13.504 4.43945C13.64 4.87545 13.7233 5.32345 13.8093 5.77079C13.874 6.10679 13.9307 6.44412 14.0027 6.77812C14.1067 7.25945 14.222 7.73812 14.332 8.21812C14.456 8.75945 14.5987 9.29478 14.752 9.82812C14.82 10.0648 14.8807 10.3035 14.94 10.5428C15.0133 10.8335 15.0747 11.1268 15.1093 11.4248C15.13 11.6101 15.1533 11.7961 15.158 11.9828C15.1656 12.1784 15.1618 12.3743 15.1467 12.5695C15.122 12.8448 15.08 13.1148 14.996 13.3775C14.864 13.7792 14.657 14.1522 14.386 14.4768L14.2993 14.5808L14.3113 14.5961C14.34 14.5808 14.37 14.5688 14.396 14.5508C14.5293 14.4588 14.6447 14.3461 14.75 14.2241C15.0167 13.9175 15.2307 13.5755 15.4 13.2048C15.5657 12.8463 15.6402 12.4524 15.6167 12.0581C15.6007 11.7755 15.552 11.5021 15.4167 11.2495C15.408 11.2315 15.4067 11.2095 15.3967 11.1688C15.43 11.1921 15.4513 11.2008 15.464 11.2168C15.5353 11.3035 15.6107 11.3888 15.674 11.4821C15.894 11.8115 15.9807 12.1835 15.998 12.5755C16.016 13.0337 15.9076 13.488 15.6847 13.8888C15.4447 14.3255 15.0933 14.6488 14.6673 14.8928C14.5387 14.9668 14.4047 15.0328 14.2707 15.0981C14.166 15.1501 14.1053 15.2388 14.0587 15.3415C14.0371 15.3828 14.024 15.4281 14.0202 15.4746C14.0164 15.521 14.022 15.5678 14.0367 15.6121C14.0456 15.6421 14.0485 15.6736 14.0453 15.7048C14.042 15.7561 13.994 15.8081 13.952 15.8128C13.916 15.8168 13.8687 15.7841 13.852 15.7355C13.8335 15.6851 13.8201 15.6331 13.812 15.5801C13.7853 15.3708 13.7087 15.1801 13.6067 15.0001C13.4757 14.7747 13.3117 14.5702 13.12 14.3935C12.9526 14.2294 12.7471 14.1094 12.522 14.0441C12.371 14.0018 12.2167 13.9726 12.0607 13.9568C12.0107 13.9515 11.9607 13.9301 11.914 13.9635C12.034 14.0035 12.156 14.0368 12.2727 14.0835C12.562 14.1988 12.8193 14.3701 13.0593 14.5688C13.2647 14.7388 13.446 14.9308 13.5887 15.1581C13.654 15.2615 13.7127 15.3681 13.74 15.4888C13.758 15.5708 13.768 15.6555 13.7847 15.7388C13.7933 15.7801 13.7833 15.8115 13.7493 15.8348C13.718 15.8568 13.668 15.8575 13.6407 15.8281C13.6175 15.8004 13.5994 15.7688 13.5873 15.7348C13.5673 15.6861 13.562 15.6288 13.5353 15.5848C13.2766 15.1695 12.9568 14.7955 12.5867 14.4755C12.48 14.3841 12.3673 14.3021 12.2287 14.2601C11.978 14.1841 11.7267 14.1248 11.462 14.1575C11.32 14.1741 11.1773 14.1788 11.0353 14.1928C10.8589 14.2128 10.6903 14.2765 10.5447 14.3781C10.3427 14.5177 10.1563 14.6787 9.98868 14.8581C9.76934 15.0861 9.56068 15.3241 9.35201 15.5615C9.26134 15.6648 9.17601 15.7741 9.14268 15.9155C9.13995 15.9268 9.13729 15.9381 9.13468 15.9495C9.13173 15.9634 9.12423 15.9759 9.11336 15.9851C9.1025 15.9942 9.08889 15.9995 9.07468 16.0001H8.86801C8.83734 16.0001 8.81334 15.9681 8.82001 15.9375C8.83534 15.8655 8.85001 15.7935 8.86668 15.7215C8.91668 15.5048 8.99335 15.2981 9.11201 15.1101C9.12801 15.0841 9.13868 15.0515 9.18135 15.0568L9.18801 15.0895L9.20601 15.1408C9.39268 14.8508 9.58668 14.5848 9.87001 14.3841C10.0587 14.2481 10.2593 14.1321 10.4633 14.0175C10.442 14.0115 10.4196 14.011 10.398 14.0161C10.29 14.0448 10.1813 14.0721 10.0747 14.1055C9.80668 14.1881 9.56534 14.3255 9.33468 14.4828C9.23668 14.5495 9.13601 14.6115 9.05868 14.7048C8.76637 15.0617 8.52619 15.4583 8.34534 15.8828C8.33447 15.9087 8.32556 15.9355 8.31868 15.9628C8.31589 15.9734 8.30968 15.9828 8.30101 15.9896C8.29233 15.9963 8.28167 16 8.27068 16.0001H7.94134C7.91468 16.0001 7.90001 15.9661 7.91735 15.9455C7.99935 15.8521 8.08135 15.7575 8.16868 15.6688C8.35201 15.4815 8.55534 15.3141 8.68668 15.0795C8.70468 15.0475 8.72868 15.0195 8.75001 14.9895C8.90868 14.7675 9.11001 14.5848 9.29534 14.3881C9.35001 14.3308 9.41201 14.2815 9.46868 14.2281C9.48801 14.2101 9.50401 14.1901 9.52134 14.1715L9.50934 14.1548L9.41934 14.1821C9.39668 14.1935 9.37268 14.2028 9.35135 14.2155C9.18601 14.3115 9.02201 14.4101 8.85601 14.5041C8.58401 14.6575 8.30601 14.7968 8.05001 14.9781C7.86268 15.1115 7.65601 15.2168 7.45734 15.3335C7.44401 15.3415 7.42801 15.3435 7.40401 15.3521C7.39401 15.2621 7.49934 15.2181 7.47601 15.1281C7.45401 15.1375 7.43334 15.1415 7.41934 15.1535C7.34534 15.2175 7.26801 15.2801 7.20068 15.3508C7.10201 15.4555 7.01135 15.5675 6.91735 15.6761C6.83401 15.7715 6.75068 15.8668 6.66868 15.9635C6.65943 15.9745 6.64794 15.9836 6.63495 15.9899C6.62196 15.9962 6.60778 15.9997 6.59335 16.0001H5.84135C5.84556 15.9911 5.84913 15.9817 5.85201 15.9721C5.87068 15.9121 5.90868 15.8575 5.90735 15.7855C5.84668 15.7735 5.79935 15.7861 5.76601 15.8368C5.73443 15.8837 5.70419 15.9315 5.67534 15.9801C5.66868 15.9908 5.65934 16.0001 5.64734 16.0001H5.58535C5.57268 16.0001 5.56601 15.9855 5.57401 15.9755C5.62135 15.9168 5.66734 15.8568 5.71334 15.7968C5.71401 15.7955 5.70934 15.7888 5.70534 15.7808C5.69601 15.7835 5.68534 15.7848 5.67534 15.7895C5.55801 15.8495 5.44068 15.9101 5.32401 15.9721C5.28948 15.9904 5.25106 16 5.21201 16.0001H3.46801C3.45068 16.0001 3.44201 15.9761 3.45535 15.9648C3.59535 15.8461 3.72335 15.7155 3.82735 15.5615C4.05068 15.2308 4.18601 14.8635 4.27201 14.4755C4.27468 14.4621 4.27001 14.4468 4.26801 14.4148C4.24335 14.4468 4.22868 14.4628 4.21735 14.4815C4.15618 14.5835 4.08125 14.6766 3.99468 14.7581C3.80801 14.9301 3.60135 15.0568 3.33935 15.0675C3.14135 15.0755 2.94735 15.0675 2.76268 14.9828C2.45601 14.8428 2.28135 14.6028 2.23335 14.2681C2.21668 14.1548 2.22201 14.1541 2.11201 14.1221C1.82343 14.0447 1.55234 13.9128 1.31335 13.7335C1.05999 13.5443 0.871742 13.281 0.774679 12.9801C0.690368 12.7119 0.654254 12.4309 0.668012 12.1501C0.669346 12.1275 0.678679 12.1055 0.684012 12.0835C0.705346 12.0988 0.714679 12.1121 0.717346 12.1275C0.739346 12.2295 0.756679 12.3328 0.781346 12.4341C0.838679 12.6708 0.952679 12.8768 1.12535 13.0475C1.29735 13.2181 1.50601 13.3268 1.73201 13.4021C1.97068 13.4808 2.21001 13.4941 2.44535 13.3915C2.60252 13.3204 2.74343 13.2178 2.85935 13.0901C3.07801 12.8581 3.21468 12.5835 3.29135 12.2748C3.29735 12.2521 3.29468 12.2275 3.29601 12.2015C3.28601 12.2055 3.27868 12.2055 3.27601 12.2088C3.25535 12.2421 3.23335 12.2755 3.21401 12.3101C3.02468 12.6448 2.76135 12.9015 2.41668 13.0668C2.18268 13.1801 1.93801 13.2368 1.67668 13.1728C1.4152 13.1164 1.18429 12.9642 1.02935 12.7461C0.897155 12.5646 0.812784 12.3528 0.784012 12.1301C0.7582 11.9337 0.762697 11.7345 0.797346 11.5395C0.830679 11.2468 1.10801 10.7595 1.29201 10.6921C1.27868 10.7341 1.26868 10.7668 1.25668 10.7988C1.22801 10.8761 1.19201 10.9501 1.17001 11.0288C1.11919 11.2064 1.10781 11.393 1.13668 11.5755C1.15868 11.7168 1.19668 11.8528 1.27268 11.9755C1.37068 12.1328 1.50335 12.2468 1.68601 12.2855C1.75935 12.3008 1.83601 12.2948 1.91135 12.2975C2.0049 12.3007 2.09641 12.2696 2.16868 12.2101C2.27801 12.1248 2.35668 12.0155 2.41268 11.8895C2.52468 11.6395 2.57268 11.3715 2.61868 11.1035C2.65201 10.9061 2.68068 10.7075 2.70735 10.5081C2.73335 10.3208 2.75468 10.1328 2.77668 9.94478C2.79401 9.79012 2.80868 9.63545 2.82601 9.48078C2.84201 9.32878 2.86068 9.17745 2.87668 9.02545C2.89268 8.87412 2.90801 8.72212 2.92268 8.57012C2.93135 8.47678 2.93735 8.38345 2.94535 8.29012L2.97001 8.01212C2.98468 7.84545 2.99735 7.67879 3.01335 7.51345C3.01868 7.45879 3.00001 7.42545 2.95335 7.39545C2.83225 7.31738 2.72196 7.22368 2.62535 7.11679C2.55868 7.04412 2.50001 6.96479 2.43735 6.88879C2.41401 6.86079 2.40001 6.82412 2.36001 6.81012C2.39969 6.95165 2.46157 7.08599 2.54335 7.20812C2.58335 7.26945 2.63068 7.32545 2.67401 7.38478C2.71601 7.44212 2.79535 7.46145 2.83001 7.53545C2.81135 7.53745 2.79935 7.54212 2.79001 7.53945C2.74083 7.52796 2.69192 7.51529 2.64335 7.50145C2.31096 7.40536 2.01316 7.21585 1.78535 6.95545C1.49535 6.63078 1.34801 6.23812 1.31201 5.80679C1.29107 5.57153 1.2942 5.33474 1.32135 5.10012C1.36935 4.69879 1.46801 4.30945 1.62135 3.93679C1.72468 3.68612 1.84668 3.44279 1.97201 3.20212C2.10868 2.94012 2.28268 2.70212 2.48201 2.48479C2.82335 2.11212 3.21801 1.80212 3.63268 1.51945C4.11068 1.19279 4.61801 0.920786 5.15068 0.697452C5.49601 0.552119 5.84468 0.421452 6.20668 0.329452C6.64335 0.218786 7.08001 0.109452 7.52801 0.0527856C7.68068 0.0327856 7.83334 0.0141189 7.98668 0.00611893H7.98734ZM6.75601 15.2195C6.70934 15.2595 6.65801 15.2935 6.61801 15.3395C6.45935 15.5195 6.30868 15.7055 6.17268 15.9188L6.14335 15.9908C6.1675 15.985 6.18919 15.9717 6.20534 15.9528C6.32134 15.8261 6.43934 15.7008 6.55134 15.5701C6.62068 15.4888 6.68134 15.4001 6.74334 15.3128C6.75934 15.2901 6.76335 15.2595 6.77401 15.2328L6.75601 15.2195ZM7.85601 12.7561C7.70057 12.8761 7.55499 13.0083 7.42068 13.1515L7.17401 13.4088C7.10466 13.4835 7.0185 13.5406 6.92268 13.5755C6.82318 13.6134 6.71782 13.6337 6.61134 13.6355C6.58201 13.6355 6.55334 13.6395 6.51068 13.6435C6.52934 13.6821 6.53935 13.7081 6.55335 13.7308C6.65335 13.8921 6.75401 14.0521 6.85334 14.2135C6.94401 14.3601 7.03734 14.5055 7.11934 14.6575C7.16468 14.7408 7.18935 14.8355 7.22335 14.9268C7.27468 14.9448 7.31668 14.9148 7.35801 14.8948C7.55134 14.8048 7.74401 14.7121 7.93601 14.6201C8.07801 14.5528 8.22734 14.4961 8.36001 14.4135C8.59134 14.2701 8.81334 14.1101 9.03868 13.9568C9.04868 13.9501 9.05601 13.9381 9.06668 13.9261C9.05135 13.9135 9.04134 13.9015 9.02934 13.8968C8.83801 13.8228 8.67801 13.6968 8.51601 13.5755C8.3979 13.4892 8.28524 13.3957 8.17868 13.2955C8.05646 13.1724 7.9631 13.0237 7.90534 12.8601C7.89268 12.8275 7.87534 12.7968 7.85534 12.7561H7.85601ZM3.95801 12.9321C3.91801 12.9961 3.89335 13.0615 3.87001 13.1275C3.78613 13.3714 3.66098 13.5992 3.50001 13.8008C3.36668 13.9675 3.19668 14.0755 2.99201 14.1295C2.83868 14.1695 2.68268 14.1801 2.52535 14.1761C2.49335 14.1748 2.46068 14.1775 2.42001 14.1795C2.43068 14.2061 2.43401 14.2235 2.44335 14.2361C2.51001 14.3328 2.59668 14.4001 2.71001 14.4328C2.81468 14.4635 2.92068 14.4555 3.04201 14.4481C3.16268 14.4235 3.27068 14.3715 3.36535 14.2921C3.52401 14.1595 3.63335 13.9895 3.72268 13.8041C3.83935 13.5621 3.89868 13.3035 3.95068 13.0415C3.95735 13.0061 3.95601 12.9681 3.95801 12.9321ZM13.9213 9.87479C13.9267 9.89412 13.932 9.91278 13.9393 9.94612C13.9553 10.0495 13.9733 10.1528 13.9873 10.2555C14.0073 10.4015 14.032 10.5468 14.0393 10.6935C14.0507 10.9228 14.0573 11.1528 14.03 11.3821C14.0053 11.5921 13.988 11.8041 13.9527 12.0128C13.8945 12.3619 13.7915 12.7021 13.646 13.0248C13.6407 13.0368 13.6393 13.0508 13.6327 13.0795C13.664 13.0595 13.684 13.0515 13.698 13.0368C13.7547 12.9815 13.8113 12.9255 13.8633 12.8668C14.044 12.6635 14.1687 12.4268 14.2607 12.1715C14.3807 11.8395 14.4127 11.4975 14.3573 11.1508C14.2887 10.7175 14.1373 10.3088 13.9593 9.89679C13.9541 9.88455 13.9487 9.87232 13.9433 9.86012L13.9213 9.87479ZM3.86468 5.52679C3.85828 5.56122 3.86247 5.59678 3.87668 5.62879C3.95935 5.79612 4.04335 5.96279 4.12935 6.12879C4.14601 6.16145 4.17335 6.18879 4.14935 6.23745C3.96001 6.27745 3.76401 6.31679 3.56268 6.40745C3.60201 6.43279 3.62735 6.44745 3.65068 6.46545C3.67868 6.48679 3.72535 6.50412 3.71068 6.54545C3.70401 6.56745 3.66068 6.57745 3.63268 6.59345C3.64401 6.60012 3.66135 6.60745 3.67735 6.61745C3.78801 6.68545 3.89735 6.75545 3.97535 6.86278C4.06735 6.99078 4.12801 7.13212 4.10068 7.29212C4.04801 7.60478 3.89668 7.85878 3.64068 8.04678C3.60468 8.07345 3.57001 8.10212 3.53335 8.12812C3.50727 8.14573 3.4869 8.17056 3.4747 8.19957C3.46251 8.22857 3.45903 8.2605 3.46468 8.29145C3.47112 8.33621 3.48345 8.37992 3.50135 8.42145C3.55668 8.55212 3.64801 8.65478 3.75135 8.74945C3.80668 8.80012 3.85735 8.85878 3.89935 8.92078C3.92445 8.95732 3.93925 8.99994 3.94218 9.04416C3.94511 9.08839 3.93607 9.13259 3.91601 9.17212C3.90068 9.20545 3.88268 9.23812 3.86535 9.27079C3.84535 9.31079 3.84668 9.34478 3.88001 9.37878C3.90735 9.40678 3.93335 9.43812 3.95468 9.47079C3.98001 9.50945 4.00668 9.52345 4.05268 9.50412C4.1239 9.47668 4.20252 9.47526 4.27468 9.50012C4.38135 9.53078 4.47601 9.58412 4.57068 9.64012C4.65735 9.69145 4.74668 9.73945 4.83735 9.78612C4.88201 9.80945 4.93068 9.81945 4.98335 9.80345C5.03068 9.78878 5.06601 9.81012 5.08001 9.85412C5.09335 9.89679 5.07801 9.92612 5.03068 9.94679C4.98401 9.96679 4.93935 9.98879 4.89135 10.0055C4.82468 10.0288 4.75735 10.0541 4.68201 10.0568C4.67335 9.98545 4.75535 9.99812 4.76668 9.95078C4.62935 9.86678 4.33801 9.85412 4.23268 9.92812C4.27468 10.0028 4.25601 10.0681 4.16868 10.1368C4.08201 10.0701 4.15201 10.0021 4.17001 9.93678C4.15164 9.93293 4.13268 9.93284 4.11426 9.93649C4.09585 9.94015 4.07837 9.9475 4.06286 9.95808C4.04736 9.96867 4.03416 9.98228 4.02404 9.99809C4.01393 10.0139 4.00712 10.0316 4.00401 10.0501C3.99401 10.1175 4.04868 10.1941 4.12268 10.1995C4.19468 10.2041 4.26801 10.1961 4.34001 10.1915C4.38001 10.1881 4.42001 10.1735 4.47268 10.1915C4.40401 10.2735 4.30735 10.2761 4.23468 10.3181C4.23601 10.3515 4.28135 10.3755 4.24735 10.4055C4.21201 10.4375 4.18401 10.4048 4.15935 10.3855C4.10601 10.3435 4.05268 10.3015 4.00535 10.2541C3.9454 10.2008 3.90798 10.1267 3.90068 10.0468C3.89776 10.0072 3.88806 9.96842 3.87201 9.93212C3.85068 9.88278 3.85068 9.84079 3.89401 9.80545C3.88201 9.78545 3.87535 9.77012 3.86401 9.75745C3.80666 9.68356 3.76246 9.60035 3.73335 9.51145C3.69801 9.42012 3.70268 9.33545 3.76535 9.25745C3.78135 9.23745 3.79868 9.21745 3.80801 9.19412C3.82334 9.15833 3.83387 9.12067 3.83935 9.08212C3.85068 8.97212 3.79668 8.89079 3.71801 8.82412C3.59401 8.72012 3.47801 8.60945 3.41135 8.45679C3.40801 8.44945 3.39535 8.44545 3.38668 8.43945C3.37935 8.45079 3.37068 8.45745 3.37001 8.46478C3.35735 8.58812 3.34001 8.71145 3.33535 8.83612C3.32601 9.08745 3.37401 9.33145 3.44335 9.57212C3.52201 9.84545 3.63601 10.1041 3.76868 10.3541C3.94668 10.6888 4.12668 11.0221 4.31001 11.3541C4.34668 11.4195 4.39668 11.4801 4.44868 11.5341C4.58068 11.6688 4.75001 11.7155 4.93135 11.7161C5.06601 11.7161 5.20068 11.7121 5.33468 11.6988C5.53135 11.6788 5.72801 11.6501 5.92401 11.6235C6.04601 11.6068 6.16735 11.5855 6.28935 11.5701C6.42935 11.5528 6.54268 11.6188 6.63735 11.7101C6.74401 11.8141 6.84068 11.9281 6.93534 12.0435C7.08201 12.2201 7.20001 12.4168 7.30468 12.6215C7.33801 12.6868 7.35135 12.6881 7.40268 12.6415C7.48935 12.5608 7.57601 12.4801 7.66535 12.4015C7.71001 12.3621 7.72401 12.3215 7.71001 12.2595C7.67109 12.0853 7.65208 11.9072 7.65334 11.7288C7.65468 11.6241 7.65735 11.5195 7.66535 11.4148C7.67535 11.2655 7.68534 11.1148 7.70534 10.9668C7.77573 10.4546 7.85619 9.94382 7.94668 9.43479C8.00468 9.10612 8.06801 8.77879 8.12534 8.45012C8.16534 8.21879 8.20401 7.98745 8.23335 7.75479C8.25601 7.57279 8.27001 7.38812 8.27535 7.20479C8.28268 6.98345 8.27734 6.76145 8.27668 6.53945C8.27668 6.48812 8.27934 6.43612 8.27001 6.38612C8.25134 6.29145 8.26334 6.28279 8.16201 6.25945C8.02848 6.22855 7.8934 6.20474 7.75734 6.18812C7.66001 6.17612 7.61934 6.15279 7.61001 6.06145C7.60601 6.02879 7.59334 5.99612 7.58268 5.96412C7.57668 5.94745 7.56668 5.93212 7.55201 5.90412L7.53535 6.08012C7.52935 6.14412 7.51601 6.15745 7.45068 6.15678C7.41401 6.15678 7.37735 6.15145 7.34135 6.15145C7.02401 6.15145 6.70668 6.14612 6.39068 6.17279C6.32735 6.17812 6.27534 6.16279 6.24001 6.10412C6.21334 6.06012 6.18134 6.02012 6.15068 5.98012C6.10868 5.92412 6.09334 5.91812 6.02934 5.94012C5.89934 5.98545 5.77068 6.03212 5.64135 6.08012C5.47944 6.14547 5.32787 6.23395 5.19135 6.34279C5.12714 6.39316 5.05412 6.43114 4.97601 6.45479C4.95401 6.46145 4.92935 6.46012 4.89135 6.46345C4.90468 6.41945 4.90735 6.38745 4.92268 6.36345C4.96535 6.29345 5.01268 6.22679 5.05935 6.15945C5.07468 6.13745 5.09201 6.11745 5.10801 6.09612L5.09801 6.08079L4.96401 6.10545C4.86668 6.13212 4.76668 6.15212 4.67268 6.18679C4.57401 6.22212 4.49535 6.20212 4.41535 6.13879C4.22731 5.98938 4.06261 5.81278 3.92668 5.61479L3.86468 5.52679ZM9.59268 11.5021L9.49468 11.5621C9.34801 11.6515 9.20135 11.7395 9.05535 11.8301C8.99335 11.8688 8.93268 11.9101 8.87534 11.9555C8.81868 12.0021 8.79268 12.0628 8.82735 12.1368C8.85868 12.2035 8.88934 12.2701 8.92534 12.3328C8.95668 12.3861 9.00801 12.4248 9.06734 12.4308C9.14068 12.4375 9.21935 12.4388 9.29135 12.4228C9.43601 12.3895 9.53934 12.2861 9.64334 12.1848C9.67202 12.16 9.6928 12.1273 9.70311 12.0908C9.71342 12.0543 9.7128 12.0156 9.70134 11.9795C9.67068 11.8595 9.64868 11.7361 9.62268 11.6148C9.61534 11.5801 9.60468 11.5461 9.59268 11.5021ZM9.42134 9.89612C9.34134 10.0901 9.28468 10.2941 9.20468 10.5028C9.10401 10.7915 9.00868 11.0828 8.91468 11.3848C8.93868 11.3781 8.95068 11.3781 8.95935 11.3728C9.13334 11.2661 9.30734 11.1568 9.48268 11.0501C9.51868 11.0281 9.53001 10.9981 9.52601 10.9581C9.51801 10.8715 9.51001 10.7835 9.50334 10.6961L9.45801 10.1055C9.45268 10.0368 9.44468 9.96812 9.43868 9.89878C9.43268 9.89878 9.42734 9.89745 9.42134 9.89612ZM11.4753 4.47612L11.5413 4.66612C11.5947 4.82012 11.6473 4.97479 11.7013 5.14212L12.088 6.44345C12.2127 6.86345 12.336 7.28478 12.46 7.70545C12.536 7.96012 12.6167 8.21345 12.6887 8.46945C12.7367 8.64079 12.7727 8.81545 12.8127 9.00212C12.842 9.13945 12.8707 9.27745 12.8973 9.42878C12.92 9.49945 12.9127 9.57945 12.9487 9.64545L12.9653 9.64145L12.92 9.40012C12.8947 9.26279 12.8687 9.12545 12.8447 8.97478C12.8347 8.92812 12.8253 8.88079 12.814 8.83412C12.7507 8.57012 12.696 8.30345 12.6207 8.04279C12.49 7.58612 12.3453 7.13345 12.2087 6.67878C12.0987 6.31278 11.994 5.94545 11.8833 5.58012C11.8373 5.42879 11.7833 5.28012 11.7327 5.11679L11.6547 4.89279C11.63 4.82145 11.6047 4.74879 11.578 4.67812C11.5513 4.60745 11.522 4.53812 11.4933 4.46879C11.4873 4.47102 11.4813 4.47324 11.4753 4.47545V4.47612ZM4.15001 9.53612C4.10801 9.53545 4.07335 9.54545 4.06068 9.59145C4.0996 9.62137 4.14698 9.63825 4.19605 9.63969C4.24513 9.64112 4.2934 9.62704 4.33401 9.59945C4.27337 9.57637 4.21201 9.55525 4.15001 9.53612ZM3.48668 7.98678C3.46935 7.96878 3.44868 7.95479 3.43668 7.98812C3.42868 8.00945 3.43201 8.03479 3.43001 8.06345C3.48468 8.03879 3.48468 8.03878 3.48668 7.98678ZM3.52801 7.19412C3.51625 7.19614 3.505 7.20048 3.49493 7.20689C3.48486 7.2133 3.47616 7.22165 3.46935 7.23145C3.45676 7.25375 3.45097 7.27924 3.45268 7.30478C3.45601 7.40612 3.45935 7.50878 3.47001 7.60945C3.4772 7.65985 3.49204 7.70886 3.51401 7.75479C3.55468 7.84545 3.61868 7.86612 3.70601 7.82212C3.74268 7.80412 3.74601 7.78612 3.72268 7.74879C3.69273 7.70269 3.66406 7.65578 3.63668 7.60812C3.62668 7.56278 3.59268 7.52079 3.61468 7.47012C3.64135 7.41012 3.56401 7.39279 3.56535 7.34345V7.24945C3.56335 7.22412 3.56135 7.19145 3.52801 7.19412ZM3.51668 6.54879C3.40697 6.54688 3.29898 6.57625 3.20535 6.63345C3.15468 6.66345 3.14935 6.68012 3.17201 6.73879C3.19468 6.79679 3.21868 6.85412 3.24868 6.90812C3.29135 6.98612 3.30868 6.99145 3.38868 6.95945C3.45895 6.92821 3.5362 6.91603 3.61268 6.92412C3.74735 6.93878 3.85068 7.01478 3.94868 7.10012L4.01001 7.15145C4.01468 7.14745 4.01935 7.14278 4.02468 7.13945C4.01201 7.06945 4.00135 6.98878 3.92535 6.96345C3.82068 6.92812 3.70935 6.91345 3.58668 6.88545L3.42668 6.88212C3.58668 6.76945 3.72801 6.85279 3.88468 6.88812C3.84268 6.81145 3.78268 6.79012 3.73135 6.75945C3.67668 6.72612 3.61801 6.69812 3.56468 6.66345C3.52468 6.63879 3.48468 6.61012 3.51668 6.54879ZM10.3387 6.76545C10.1853 6.75878 10.054 6.81879 9.93334 6.90612C9.91068 6.92345 9.89334 6.94945 9.86334 6.98412C9.92134 7.00145 9.96335 7.01479 10.018 7.02745C10.0473 7.01745 10.0767 7.00745 10.1047 6.99679C10.3087 6.92079 10.5113 6.92012 10.7073 7.01745C10.7913 7.05945 10.8653 7.04412 10.9513 7.01412C10.938 6.99345 10.9313 6.97812 10.9213 6.96679C10.8401 6.88026 10.7368 6.81737 10.6227 6.78479C10.5293 6.75545 10.4333 6.76945 10.3387 6.76545ZM5.32668 4.32212C5.32066 4.35142 5.32111 4.38168 5.32801 4.41079C5.38135 4.62479 5.43201 4.83945 5.48935 5.05212C5.55868 5.31012 5.66934 5.55212 5.79334 5.78745C5.80668 5.81212 5.83401 5.84078 5.85868 5.84545C5.91711 5.85286 5.97635 5.84092 6.02735 5.81145L5.71268 5.25145C5.55935 4.95279 5.44268 4.63812 5.32668 4.32212ZM6.93135 0.331452C6.79801 0.326119 6.66134 0.334119 6.52934 0.354119C6.37201 0.377452 6.21601 0.412119 6.06268 0.455452C5.87135 0.508786 5.68334 0.575452 5.49468 0.637452C5.46801 0.646119 5.44535 0.662786 5.42135 0.676119C5.44001 0.685452 5.45468 0.688119 5.46801 0.685452C5.65934 0.640119 5.85468 0.628786 6.05001 0.625452C6.13934 0.624119 6.22935 0.631452 6.31801 0.642119C6.44468 0.658119 6.57268 0.674119 6.69801 0.702119C7.00201 0.771452 7.28068 0.902119 7.54135 1.07279C7.85068 1.27679 8.13335 1.51279 8.37935 1.79145C8.51601 1.94612 8.64268 2.10812 8.75268 2.28412C8.86601 2.46679 8.96268 2.65812 9.05201 2.85479C9.23401 3.25545 9.35601 3.67612 9.45201 4.10545C9.47868 4.22079 9.49868 4.33745 9.51868 4.45479C9.53001 4.52412 9.56201 4.56612 9.63201 4.58145C9.71334 4.60012 9.76535 4.65145 9.77868 4.74879C9.77668 4.81679 9.73868 4.86479 9.69268 4.90879C9.6169 4.9748 9.556 5.05615 9.51401 5.14745C9.53455 5.14422 9.55375 5.1352 9.56934 5.12145C9.62268 5.06412 9.67734 5.00679 9.72601 4.94479C9.77838 4.88224 9.80882 4.80427 9.81268 4.72279C9.81868 4.68945 9.82734 4.65612 9.82868 4.62279C9.83334 4.54012 9.81735 4.52279 9.73335 4.51079C9.71668 4.50812 9.70068 4.50145 9.68468 4.50079C9.63001 4.49612 9.60135 4.45879 9.59335 4.41345C9.57135 4.28145 9.59068 4.17679 9.75801 4.14145C9.81534 4.12945 9.87401 4.12145 9.93135 4.11345C10.0367 4.09812 10.1413 4.07812 10.2467 4.06879C10.34 4.06079 10.3733 4.09079 10.3973 4.18012C10.4027 4.19945 10.4093 4.21812 10.4113 4.23812C10.424 4.35745 10.406 4.38812 10.3173 4.43012C10.2993 4.43879 10.2807 4.44612 10.2653 4.45812C10.2499 4.4694 10.2381 4.48492 10.2313 4.50279C10.2053 4.59879 10.28 4.75745 10.3687 4.79945L10.8173 5.01279C10.8327 5.02012 10.8507 5.02279 10.8673 5.02812L10.8793 5.01079C10.8693 5.00545 10.858 5.00212 10.85 4.99479C10.7396 4.90713 10.6176 4.83533 10.4873 4.78145C10.4492 4.76405 10.4108 4.74738 10.372 4.73145C10.3468 4.72113 10.3253 4.70346 10.3104 4.68075C10.2954 4.65803 10.2876 4.63133 10.288 4.60412C10.286 4.54745 10.318 4.50145 10.3733 4.47945L10.4127 4.46279C10.4787 4.43345 10.4913 4.41212 10.4873 4.33812C10.4867 4.324 10.4849 4.30995 10.482 4.29612C10.4373 4.10012 10.4 3.90279 10.3453 3.70945C10.215 3.23719 10.0302 2.78169 9.79468 2.35212C9.54918 1.90596 9.23665 1.50012 8.86801 1.14879C8.6373 0.925151 8.37242 0.739714 8.08334 0.599452C7.86948 0.493812 7.64127 0.420138 7.40601 0.380786C7.24888 0.355147 7.09039 0.338674 6.93135 0.331452ZM11.4107 4.30145C11.4173 4.31079 11.4227 4.32012 11.436 4.32412L11.4213 4.29479L11.4107 4.30145ZM2.73535 2.61145C2.7295 2.61584 2.7226 2.6186 2.71535 2.61945C2.707 2.62866 2.69809 2.63734 2.68868 2.64545C2.68201 2.65212 2.67535 2.65879 2.65868 2.67212L2.41668 2.90812C2.35801 2.96479 2.30335 3.02679 2.23935 3.07679C2.05001 3.22345 1.95601 3.43012 1.87668 3.64679C1.87081 3.66184 1.86919 3.67821 1.87201 3.69412C1.88068 3.73079 1.89401 3.76612 1.90668 3.80612L1.95601 3.82345C1.94468 3.86079 1.93601 3.89345 1.92468 3.92479C1.88601 4.03412 1.84601 4.14279 1.80801 4.25212C1.80468 4.26212 1.81335 4.27612 1.82068 4.30345C1.87401 4.18679 1.92601 4.08345 1.97068 3.97745C2.12268 3.61479 2.29335 3.26145 2.51668 2.93679C2.57668 2.84812 2.63801 2.75945 2.70535 2.66945C2.70801 2.66545 2.71001 2.66079 2.72001 2.64945C2.72068 2.63879 2.72201 2.62812 2.73001 2.62279L2.73535 2.61145ZM11.386 4.21679C11.3879 4.21827 11.3895 4.22019 11.3905 4.22239C11.3916 4.2246 11.3921 4.22702 11.392 4.22945C11.3905 4.23156 11.3892 4.23379 11.388 4.23612C11.3893 4.24065 11.3909 4.2451 11.3927 4.24945L11.4047 4.26412C11.406 4.25945 11.4093 4.25345 11.408 4.25012C11.406 4.24345 11.4 4.23812 11.3947 4.22479C11.3918 4.22214 11.3889 4.21947 11.386 4.21679ZM2.79935 2.98679C2.79735 2.98945 2.79401 2.99212 2.78135 2.99612C2.77801 3.00479 2.77401 3.01279 2.76068 3.02745C2.73499 3.06592 2.7074 3.10307 2.67801 3.13879C2.64601 3.18545 2.60068 3.17545 2.55735 3.16612C2.46801 3.14745 2.40535 3.17679 2.36601 3.26145C2.30668 3.38612 2.24135 3.50812 2.18401 3.63479C2.15135 3.70679 2.11068 3.77879 2.10535 3.87479C2.15935 3.87679 2.20801 3.87945 2.25735 3.88012H2.40935C2.39496 3.93969 2.37738 3.99844 2.35668 4.05612C2.35001 4.09079 2.34201 4.12479 2.33468 4.15945L2.34801 4.16212C2.36001 4.13145 2.37268 4.10079 2.39268 4.06012C2.43668 3.96545 2.47935 3.87012 2.52601 3.77612C2.53935 3.74945 2.54868 3.70945 2.60335 3.71479C2.60335 3.74345 2.60601 3.77079 2.60335 3.79745C2.60001 3.82745 2.59201 3.85745 2.58468 3.89279C2.67868 3.92145 2.64201 4.00879 2.66135 4.07212C2.72935 4.05745 2.73068 3.94212 2.82668 3.97612V4.11279L2.83801 4.11412L3.13068 3.40812C3.04401 3.40812 2.96668 3.39479 2.89201 3.43012C2.87601 3.43745 2.85335 3.42945 2.82001 3.42745C2.87001 3.32745 2.91268 3.24212 2.96068 3.14945C2.96481 3.14055 2.97045 3.13243 2.97735 3.12545C2.97735 3.11545 2.97668 3.10545 2.98268 3.10012L2.98668 3.08679C2.98335 3.09079 2.98001 3.09412 2.96801 3.09812C2.96535 3.10612 2.96201 3.11412 2.95068 3.12812C2.94572 3.13727 2.93834 3.14488 2.92935 3.15012C2.84735 3.25479 2.86935 3.25945 2.75735 3.22079C2.70468 3.20279 2.70535 3.20212 2.72601 3.12479C2.74468 3.09412 2.76335 3.06279 2.79135 3.02479C2.79135 3.01412 2.79068 3.00345 2.79601 2.99679L2.79935 2.98679ZM4.18135 2.54012C4.17935 2.54412 4.17668 2.54745 4.16335 2.55079C4.10068 2.63412 4.03401 2.71479 3.97668 2.80212C3.87335 2.96079 3.77601 3.12279 3.67601 3.28412C3.58268 3.43345 3.44601 3.52945 3.29268 3.60479C3.28135 3.61012 3.26601 3.60879 3.24001 3.61212C3.24801 3.57279 3.25068 3.53945 3.26201 3.51012C3.30751 3.3927 3.35845 3.27746 3.41468 3.16479L3.41001 3.15145C3.40315 3.15819 3.39528 3.16382 3.38668 3.16812C3.36801 3.20145 3.35001 3.23479 3.32468 3.27745C3.15135 3.56012 3.02935 3.82212 3.03001 3.91079C3.04601 3.91345 3.06201 3.91812 3.07868 3.91945C3.19668 3.92812 3.20401 3.92412 3.25201 3.80945C3.27201 3.76279 3.30335 3.72945 3.35001 3.70945L3.46668 3.66279C3.49601 3.65079 3.52335 3.62479 3.56401 3.64145C3.56601 3.67479 3.55735 3.71479 3.57335 3.73812C3.60135 3.77945 3.60268 3.82145 3.60468 3.86679C3.60601 3.89945 3.61601 3.93212 3.62201 3.96479C3.64135 3.94212 3.64801 3.92145 3.65535 3.90012C3.75001 3.64012 3.84001 3.37879 3.94068 3.12012C4.00735 2.94945 4.08735 2.78412 4.16068 2.61612C4.16935 2.59612 4.16935 2.57145 4.18068 2.55479L4.18135 2.54012ZM6.83934 2.31345C6.83934 2.34345 6.84601 2.36945 6.85334 2.39545C6.88134 2.50212 6.91601 2.60745 6.93601 2.71545C6.95201 2.80412 6.95135 2.89545 6.95468 2.98612C6.95468 3.00812 6.94201 3.03079 6.93334 3.05945C6.87068 3.02079 6.90201 2.95412 6.86268 2.91612H6.77934C6.76934 2.96412 6.77268 3.01745 6.74868 3.04945C6.70468 3.10612 6.64535 3.15212 6.59135 3.20079C6.56268 3.22612 6.53935 3.21279 6.52268 3.18412L6.49201 3.12612C6.44868 3.14945 6.41401 3.17212 6.37735 3.18812C6.30001 3.22212 6.22068 3.25145 6.14401 3.28612C6.08734 3.31145 6.08401 3.32145 6.09735 3.38412C6.10668 3.43412 6.12001 3.48279 6.12868 3.53279C6.13734 3.58079 6.16201 3.60545 6.21068 3.61545C6.36601 3.64879 6.51868 3.69212 6.64868 3.79212C6.68734 3.72412 6.68734 3.72412 6.76068 3.69145C6.78068 3.68212 6.80068 3.67145 6.82201 3.66345C6.87534 3.64345 6.89868 3.65212 6.92201 3.70345C6.93735 3.73545 6.94935 3.76879 6.96601 3.80879C7.00601 3.71545 6.93801 3.63079 6.97734 3.53145C7.08201 3.65145 7.13734 3.79145 7.22734 3.90945C7.23688 3.88899 7.24189 3.8667 7.24201 3.84412C7.24334 3.76145 7.24201 3.67945 7.24334 3.59679C7.24334 3.57412 7.25201 3.55212 7.25668 3.53012L7.27801 3.52812C7.35134 3.63145 7.36468 3.76412 7.42868 3.87479C7.43209 3.78762 7.42986 3.70033 7.42201 3.61345C7.41935 3.58345 7.42201 3.56412 7.45534 3.55479C7.50868 3.57879 7.53268 3.64812 7.59868 3.66012C7.57868 3.47679 7.31668 2.90212 7.06668 2.57012C6.99068 2.48545 6.93335 2.38345 6.84001 2.31279L6.83934 2.31345ZM5.06135 2.77745C5.04868 2.80012 5.04135 2.81079 5.03668 2.82212C4.99601 2.94545 4.95335 3.06879 4.91668 3.19279C4.89601 3.26279 4.85868 3.30545 4.78668 3.31945C4.72668 3.33212 4.66801 3.35412 4.60801 3.36812C4.58268 3.37412 4.54868 3.37812 4.52935 3.36612C4.51335 3.35545 4.51268 3.32012 4.50535 3.29545C4.46268 3.34612 4.45068 3.35345 4.39201 3.32679C4.30335 3.28545 4.21735 3.23679 4.13001 3.19279C4.09801 3.17612 4.06801 3.15079 4.01668 3.17279C3.98801 3.25279 3.95601 3.33945 3.92535 3.42745C3.85935 3.61412 3.86735 3.58879 3.98868 3.72945C4.01935 3.76145 4.05668 3.74945 4.09135 3.74479C4.12735 3.73879 4.16201 3.72479 4.19801 3.72079C4.28468 3.71212 4.37135 3.66745 4.44268 3.71079C4.57868 3.66812 4.70068 3.62945 4.82335 3.59212C4.85668 3.58212 4.88268 3.59545 4.89935 3.62812C4.91401 3.65612 4.92201 3.69012 4.95401 3.70879C4.97935 3.67145 4.94535 3.62345 4.99601 3.59012L5.08935 3.75079L5.06135 2.77745ZM5.24668 3.01612C5.18268 3.00945 5.17535 3.02279 5.17335 3.08812C5.17201 3.11345 5.17135 3.14012 5.17468 3.16479C5.19468 3.29812 5.24068 3.42212 5.29068 3.54479C5.29201 3.54879 5.29868 3.55145 5.30535 3.55479L5.35735 3.52145C5.39201 3.54545 5.41135 3.58012 5.45935 3.58012C5.59601 3.57879 5.73268 3.58945 5.87001 3.58812C5.93601 3.58745 5.97535 3.61612 6.00668 3.66812C6.01868 3.68812 6.02268 3.71945 6.06534 3.71212L6.01201 3.44945C5.97868 3.31945 5.95534 3.18612 5.89734 3.05679C5.85934 3.09479 5.82135 3.10212 5.77735 3.08745C5.74801 3.07837 5.71787 3.07211 5.68735 3.06879C5.54068 3.05012 5.39401 3.02945 5.24735 3.01545L5.24668 3.01612ZM12.0827 1.86479C12.142 1.97345 12.186 2.07545 12.1753 2.19212C12.1647 2.30412 12.1927 2.42012 12.146 2.53612C12.1147 2.51412 12.0873 2.48145 12.0713 2.48612C11.9933 2.50945 11.962 2.44812 11.92 2.40945C11.8537 2.34775 11.7901 2.28325 11.7293 2.21612L11.66 2.14079C11.6549 2.14502 11.6498 2.14925 11.6447 2.15345C11.668 2.18412 11.6913 2.21545 11.718 2.25745C11.7447 2.30012 11.774 2.34212 11.7993 2.38612C11.822 2.42479 11.8427 2.46479 11.82 2.52279C11.7653 2.51612 11.7107 2.51012 11.656 2.50145C11.616 2.49479 11.5887 2.50145 11.5733 2.54812C11.5527 2.61345 11.5487 2.61212 11.4733 2.60812C11.4867 2.63612 11.4973 2.66145 11.5113 2.68545C11.5387 2.73479 11.5313 2.77745 11.4913 2.81612C11.4513 2.85612 11.4127 2.89745 11.3727 2.93679C11.3573 2.95327 11.3374 2.96494 11.3156 2.97039C11.2937 2.97583 11.2707 2.97481 11.2493 2.96745C11.1013 2.92679 10.9513 2.89212 10.8027 2.85145C10.7813 2.84545 10.7607 2.82479 10.7453 2.80612C10.7253 2.77945 10.7107 2.74812 10.692 2.71945C10.6627 2.67279 10.632 2.62745 10.6013 2.58145C10.5913 2.60332 10.588 2.62771 10.592 2.65145C10.6 2.73612 10.612 2.82012 10.6153 2.90479C10.6187 2.97145 10.5993 2.98479 10.5347 2.97412C10.4653 2.96279 10.3973 2.94745 10.328 2.93545C10.2853 2.92745 10.2407 2.91679 10.1933 2.95545L10.2473 3.09412C10.3073 3.09412 10.358 3.08745 10.4053 3.09545C10.5227 3.11641 10.6299 3.17518 10.7107 3.26279C10.7627 3.31812 10.8133 3.37479 10.8713 3.43612L10.8833 3.43279C10.8807 3.42879 10.878 3.42412 10.8767 3.40612C10.886 3.36879 10.8353 3.32745 10.8887 3.28745C10.9093 3.30745 10.9313 3.32545 10.9473 3.34745C10.986 3.39945 11.0213 3.45345 11.06 3.51879L11.1193 3.61279L11.1353 3.60412C11.0404 3.39659 10.9455 3.18903 10.8507 2.98145C10.8873 2.98612 10.906 2.98612 10.9227 2.99212C11.0513 3.03879 11.1793 3.08679 11.3073 3.13612C11.3567 3.15479 11.4053 3.17612 11.4533 3.19879C11.4947 3.21745 11.528 3.21079 11.558 3.17679C11.5913 3.13945 11.626 3.10212 11.6607 3.06545C11.694 3.03145 11.724 3.03479 11.7487 3.07479C11.7593 3.09145 11.766 3.11012 11.7753 3.12812C11.8227 3.22012 11.8707 3.31279 11.92 3.41679L12.026 3.62212L12.0427 3.61479C12.0133 3.54412 11.996 3.46945 11.9507 3.39212C11.9127 3.27079 11.8387 3.16145 11.8133 3.02879C11.904 3.05145 12.0547 3.24612 12.1913 3.51679L12.2293 3.56612L12.2413 3.55879C12.2286 3.53108 12.217 3.50283 12.2067 3.47412C12.176 3.37745 12.142 3.28079 12.116 3.18345C12.1013 3.12812 12.092 3.06812 12.1307 3.01012L12.2033 3.04879L12.186 2.91079L12.204 2.90012C12.2187 2.91345 12.2373 2.92412 12.2473 2.94012C12.296 3.01212 12.3427 3.08679 12.3907 3.16012C12.3973 3.17079 12.41 3.17945 12.4193 3.18879C12.3953 3.04412 12.286 2.93545 12.2667 2.77145L12.37 2.84612C12.3793 2.73545 12.378 2.63345 12.398 2.53612C12.4193 2.43079 12.3827 2.33812 12.356 2.23945C12.372 2.24212 12.38 2.24345 12.3927 2.25612C12.454 2.33879 12.5147 2.42212 12.5773 2.50345C12.5907 2.52145 12.6107 2.53479 12.6233 2.56145L12.65 2.60345L12.6627 2.59345C12.6479 2.57733 12.636 2.55886 12.6273 2.53879C12.5524 2.43068 12.4786 2.32179 12.406 2.21212C12.2587 2.00479 12.164 1.90079 12.0827 1.86479ZM7.70268 2.08279C7.70068 2.19012 7.76401 2.26612 7.74868 2.35945L7.50335 2.41745C7.56335 2.51012 7.52468 2.57545 7.46868 2.63812C7.43535 2.67612 7.40735 2.71945 7.37335 2.75679C7.34868 2.78345 7.34268 2.80879 7.36134 2.84079L7.46801 3.02412C7.48734 3.05612 7.51601 3.06812 7.55334 3.06679C7.60401 3.06479 7.65468 3.06679 7.70534 3.06612C7.78268 3.06412 7.84935 3.08079 7.88868 3.15745C7.89268 3.16679 7.90201 3.17345 7.91801 3.19212C7.92068 3.15279 7.91601 3.12679 7.92468 3.10545C7.93535 3.07879 7.95134 3.03945 7.97268 3.03345C8.02868 3.01812 8.08801 3.01745 8.14601 3.01345C8.15468 3.01279 8.16401 3.02545 8.17268 3.03279L8.22001 3.07612C8.23268 3.00279 8.16534 2.94412 8.20401 2.86945L8.28801 2.89612C8.27068 2.81412 8.24135 2.73279 8.24068 2.65212C8.24068 2.57012 8.27468 2.49012 8.31734 2.41212C8.38868 2.45345 8.42401 2.51612 8.47334 2.58079C8.59534 2.75745 8.71335 2.93612 8.80268 3.13679C8.91268 3.08479 8.98268 3.18212 9.07401 3.19545C9.07201 3.12479 8.98534 2.90145 8.94268 2.86745C8.92326 2.85271 8.8989 2.84602 8.87468 2.84879C8.83468 2.85612 8.79535 2.87479 8.74735 2.89079C8.73068 2.86479 8.71001 2.83879 8.69601 2.80945C8.61155 2.62379 8.50572 2.4486 8.38068 2.28745C8.33001 2.22479 8.27401 2.16612 8.22868 2.11412L7.96801 2.30412C7.93534 2.32745 7.90534 2.32412 7.88001 2.29279L7.76735 2.15479C7.75068 2.13479 7.73201 2.11545 7.70268 2.08279Z" fill="#bcbcbc"/>
</g>
<defs>
<clipPath id="clip0_191_14733">
<rect width="16" height="16" fill="white"/>
</clipPath>
</defs>
</svg>
